0.262
0.285
0.274
0.287
0.198
0.219
0.205
0.222
0.176
0.196
0.184
0.196
0.239
0.262
0.251
0.264
0.344
0.372
0.357
0.371
0.412
0.438
0.423
0.443
0.432
0.462
0.446
0.464
0.369
0.395
0.381
0.399
0.417
0.442
0.428
0.449
0.543
0.574
0.557
0.574
0.584
0.617
0.599
0.608
0.527
0.559
0.541
0.549
0.541
0.573
0.556
0.566
0.629
0.668
0.646
0.653
0.714
0.754
0.733
0.747
0.774
0.826
0.792
0.812
0.772
0.817
0.789
0.814
0.777
0.821
0.791
0.803
0.671
0.714
0.693
0.702
0.614
0.653
0.631
0.642
0.61
0.652
0.63
0.636
0.641
0.685
0.661
0.661
0.603
0.646
0.623
0.628
0.58
0.62
0.598
0.606