0.364
0.392
0.349
0.399
0.273
0.302
0.286
0.315
0.182
0.211
0.194
0.217
0.154
0.175
0.168
0.175
0.171
0.197
0.181
0.183
0.176
0.206
0.187
0.195
0.129
0.154
0.142
0.163
0.043
0.067
0.058
0.076
0
0.014
0.008
0.018
0
0.004
0.011
0
0.002
0.021
0.018
0.019
0.056
0.071
0.061
0.072
0.132
0.151
0.138
0.151
0.236
0.263
0.249
0.256
0.312
0.337
0.324
0.323
0.306
0.326
0.314
0.334
0.317
0.346
0.326
0.335
0.371
0.395
0.384
0.382
0.52
0.548
0.536
0.536
0.646
0.681
0.667
0.65
0.585
0.61
0.601
0.616
0.487
0.516
0.503
0.498
0.401
0.429
0.42
0.426
0.318
0.342
0.334
0.334